0.250000
13
622.238833 622.238833 1949.672073 1443.514028 666.450807 655.340573 1139.880861 1139.880861 421.380609 421.380609 276.178628 156.277474 156.277474 
17
1686.585080 975.333930 2370.096518 1370.697715 975.333930 495.042289 286.812338 164.961860 474.765509 629.737134 673.401426 434.374343 164.961860 652.009375 474.765509 407.220187 434.374343 
13
424.061212 471.863445 424.061212 716.550883 1794.955539 1364.444286 627.302058 1067.548645 1067.548645 592.615784 420.910694 420.910694 502.214949 
11
1618.658190 1598.186213 1598.186213 443.494591 443.494591 641.201631 726.969466 641.201631 692.425263 651.472921 476.787051 
12
458.857517 458.857517 662.284763 1586.672564 1397.369808 1235.749778 815.110582 815.110582 429.551895 201.500394 201.500394 295.119677 
13
1520.670222 821.562220 1399.821763 821.562220 447.018038 216.413799 216.413799 447.018038 311.656316 630.869014 646.312801 443.991413 646.312801 
11
498.506872 498.506872 1452.580269 1270.246093 458.817542 458.817542 1670.266923 430.453920 177.666942 177.666942 294.921373 
10
1701.537912 1270.914917 476.397439 461.632230 191.069288 191.069288 306.696983 476.397439 461.632230 447.676590 
14
2291.776812 1810.445812 1593.247613 1465.243618 794.047666 924.803429 1810.445812 924.803429 764.428077 555.232630 237.215444 237.215444 248.234354 248.234354 
10
58.706583 58.706583 89.713924 1433.206086 1417.656477 403.079702 1433.206086 1417.656477 1761.507891 1774.558616 
12
602.276416 602.276416 1996.203676 1543.909091 568.651113 568.651113 1434.728459 1996.203676 494.850424 195.917921 195.917921 381.424377 
4
1940.389506 1940.389506 1587.192016 1587.192016 
13
383.649665 383.649665 101.403367 101.403367 103.446450 2152.384036 1162.430677 1288.418406 1416.937605 2152.384036 595.146126 323.259405 323.259405 
4
1406.591120 1406.591120 2052.630636 2052.630636 
14
387.871170 387.871170 2312.967096 1699.276868 266.665238 344.776214 101.074776 101.074776 112.890909 331.775141 130.166490 1699.276868 130.166490 249.370812 
5
1607.918188 1464.649371 1467.870838 1464.649371 2026.175649 
21
852.403095 110.791630 110.791630 113.645138 114.116951 114.075738 114.075738 871.707711 820.975191 778.353178 778.353178 993.890355 993.890355 880.930228 1438.971888 880.930228 1523.724541 617.048626 249.811224 199.211859 199.211859 
20
110.094402 110.006920 110.006920 894.934110 963.198770 201.059146 206.089697 963.198770 633.586588 201.059146 206.089697 258.571991 306.345810 104.284450 104.284450 106.630330 668.274331 1340.791411 668.274331 1340.791411 
23
223.764660 223.764660 343.305350 126.784914 122.502496 122.502496 100.290620 99.280664 99.280664 906.824673 836.353642 657.533510 1498.778815 906.824673 881.520642 1211.026385 881.520642 503.628154 1631.719299 143.633781 366.093165 140.044221 140.044221 
18
1821.538049 98.502809 98.502809 99.173162 1057.302222 1397.760801 318.514156 536.727190 254.164569 318.514156 254.164569 109.613735 109.613735 113.068850 772.071710 1109.141500 772.071710 1323.973185 
17
533.547929 533.547929 135.801728 131.331879 131.331879 1109.695350 77.619559 77.619559 78.128212 595.973417 905.922562 1395.119451 1292.490503 1311.567283 514.289371 514.289371 1699.261896 
13
131.699756 127.780428 127.780428 516.813831 516.813831 1416.001817 766.504945 766.504945 688.264323 688.264323 1300.900135 903.614397 1344.690847 
17
911.408276 154.005380 144.107887 144.107887 73.157200 70.259969 70.259969 761.984024 561.112349 1871.644742 1566.437446 1290.713513 805.692244 803.520901 803.520901 1216.311378 1750.297796 
16
888.480840 813.421750 623.230348 888.480840 79.574717 79.574717 82.593380 1397.858777 390.020305 879.398194 378.219863 390.020305 378.219863 152.906060 152.906060 162.748201 
20
364.614639 364.614639 468.223533 118.816655 114.604349 114.604349 97.131165 96.116766 96.116766 2398.945038 294.040079 294.040079 896.229185 896.229185 349.582416 349.582416 823.263489 2369.295796 329.999389 329.999389 
15
863.965445 303.477722 351.043136 303.477722 351.043136 91.687278 91.687278 92.223228 417.798582 417.798582 1566.571918 1566.571918 97.228453 97.228453 100.195222 
8
1104.318491 1104.318491 1032.353332 1032.353332 1264.576639 1124.167809 1091.735749 1091.735749 
7
1299.995796 1324.884121 1299.995796 1324.884121 1274.042215 2723.179038 1274.042215 
8
130.705095 127.790822 2438.120922 127.790822 2438.120922 2221.071373 2221.071373 2351.844443 
5
2129.495702 2052.225419 2052.225419 2027.487201 2027.487201 
9
2173.852946 2166.144965 824.169105 824.169105 883.918101 725.939431 2138.725232 725.939431 2138.725232 
6
735.221475 695.774163 695.774163 735.221475 2108.275286 2283.548328 
7
2038.698216 1820.608509 1279.599920 1279.599920 1954.798727 1868.929516 1868.929516 
6
1675.301189 1675.301189 1742.633866 1362.526958 1917.493871 1362.526958 
16
540.503452 540.503452 721.580317 1168.589291 1122.670847 1033.358912 739.222657 848.848213 739.222657 1299.392448 768.666344 972.990599 768.666344 635.943302 732.529349 635.943302 
15
1392.287331 1264.111852 637.999861 739.682379 526.494512 637.999861 526.494512 749.833128 739.682379 861.322416 768.252559 1072.814093 768.252559 1018.654485 1214.471781 
17
413.980888 487.768475 413.980888 601.015728 885.192543 1195.058145 1187.476899 854.284830 788.971186 818.242350 809.691234 788.971186 1000.150705 1000.150705 741.572106 474.291816 474.291816 
16
899.955858 864.399930 488.231864 498.052754 572.883067 419.446913 841.958526 871.122492 788.497794 498.052754 419.446913 778.088922 778.088922 1120.952912 912.145114 912.145114 
11
866.119335 866.119335 1263.554121 895.301308 895.301308 739.606781 789.162183 739.606781 1214.475642 789.162183 1673.242375 
9
823.795141 599.488429 823.795141 1213.790075 599.488429 747.593277 747.593277 1164.388992 1082.426776 
20
414.516221 487.881623 414.516221 735.155015 1087.488742 1466.420904 1027.338618 632.830355 828.456294 587.940335 587.940335 899.430959 828.456294 1100.895221 535.055321 1068.803060 173.670202 173.670202 265.418552 235.867214 
15
1159.542279 990.439585 590.657186 793.395054 516.770038 652.920590 610.312981 590.657186 516.770038 610.312981 946.001370 946.001370 929.695409 929.695409 1196.155869 
19
397.513031 553.885565 397.513031 712.519946 978.872406 1256.118634 1202.087000 874.920524 762.606001 558.762115 558.762115 794.665081 794.665081 996.133535 905.407620 213.211483 243.283335 213.211483 243.283335 
14
971.267169 811.970953 555.534970 507.956647 403.189884 682.788501 876.664128 811.970953 507.956647 403.189884 764.180866 764.180866 1122.931564 1061.732920 
10
2052.351776 832.260228 832.260228 324.221102 324.221102 510.340880 2303.620006 1499.750153 1221.254098 1221.254098 
9
911.537664 534.635720 534.635720 1115.425689 1115.425689 510.078634 510.078634 1384.584677 1684.256353 
7
3103.053646 990.603894 810.245834 810.245834 1028.228690 2942.174914 2363.262275 
7
1065.975292 825.603861 2103.051208 825.603861 994.335945 2934.756341 2671.345485 
6
2030.983120 895.254547 798.201508 989.085787 2192.416370 798.201508 
6
938.394674 850.248925 850.248925 1815.960472 1815.960472 1063.014681 
6
1331.728110 1847.694083 976.512228 976.512228 1410.514249 2702.975121 
5
1857.504173 1372.801110 939.560669 939.560669 1284.609170 
7
2151.026545 1392.075502 785.009985 785.009985 811.162670 1423.120961 2340.734180 
4
804.938211 804.938211 808.020342 1387.602783 
4
3172.549998 1984.534317 1984.534317 2008.311703 
5
1748.078373 1748.078373 2285.823334 1824.687598 3096.224857 
3
2151.493985 3557.905460 2151.493985 
2
2170.896689 2170.896689 
4
2572.800807 1499.690243 1499.690243 2358.509133 
12
3311.010084 453.454976 54.089961 49.051408 27.887291 21.284348 21.284348 27.941934 28.248785 28.248785 29.861245 384.589572 
3
3771.659641 2662.774599 2662.774599 
3
2817.416515 2817.416515 2949.248707 
4
1322.471083 1322.471083 1978.759433 1978.759433 
8
3500.650868 3199.010358 43.800782 28.976094 136.914499 28.976094 67.786881 67.786881 
11
1152.055256 345.570515 135.442376 135.442376 1961.145660 206.615984 1681.856770 2115.689788 1681.856770 2115.689788 2079.394908 
11
1861.705549 1634.044667 1313.441660 1634.044667 1115.002680 131.772992 131.772992 204.872043 338.927417 908.388716 2211.061980 
9
940.667542 1404.630851 337.032350 139.431894 139.431894 219.303678 1972.484904 1869.347229 1972.484904 
11
1159.555574 1766.303380 400.431848 400.431848 126.530388 126.530388 819.848207 200.338954 313.049138 2077.519145 2077.519145 
17
74.342326 26.075151 26.766478 26.075151 27.776336 26.766478 38.085912 29.676861 87.780463 87.780463 249.558089 237.341264 237.341264 2002.882537 1598.189365 1598.189365 2606.262825 
7
2084.454155 1610.949107 80.252169 80.252169 81.244115 1610.949107 1258.879132 
12
1218.514167 1525.223516 1663.488154 1218.514167 1663.488154 431.385618 194.872140 194.872140 1563.152394 1563.152394 1191.201762 1191.201762 
13
431.719358 194.781612 91.339111 91.339111 194.781612 93.556213 2457.953734 1189.233919 1189.233919 1536.790027 1645.555601 1536.790027 1801.924083 
15
1057.371357 1057.371357 1770.345076 485.142573 485.142573 1389.103613 1622.558722 405.500101 154.649915 154.649915 267.885024 1622.558722 1287.184272 1287.184272 1775.169804 
11
2019.664240 1777.596943 2019.664240 1241.950849 1571.611078 1475.920921 1241.950849 154.437506 154.437506 246.799253 403.642611 
7
457.137529 2606.972607 261.732321 457.137529 166.826527 166.826527 378.819355 
11
1219.883154 275.174758 168.265514 168.265514 296.991604 1219.883154 592.410696 966.949135 296.991604 450.650592 745.436676 
8
1323.291189 3097.303058 555.371630 275.984036 555.371630 185.044482 185.044482 411.158277 
6
745.275413 1546.642558 684.355343 385.603987 385.603987 810.998647 
6
775.605020 1588.852301 712.186374 400.706516 400.706516 825.645225 
6
876.598556 2193.466804 1302.318834 761.943074 761.943074 1148.260721 
6
590.641888 346.831301 346.831301 300.687824 272.372059 272.372059 
8
412.384083 412.384083 362.504430 692.009775 2580.455759 241.813579 241.813579 262.591970 
6
682.189874 386.161511 297.892858 386.161511 266.497729 266.497729 
5
2905.300010 1092.881452 301.310259 301.310259 385.388614 
6
3041.390093 3542.105779 647.231637 647.231637 477.693291 477.693291 
5
701.113098 701.113098 482.928797 482.928797 2919.773333 
7
377.731173 377.731173 1615.432017 536.359060 880.463921 566.249334 1615.432017 
6
1699.289175 1699.289175 425.011076 576.968796 425.011076 576.968796 
7
1534.347433 2442.186274 721.849037 326.629289 326.629289 438.482831 438.482831 
