  1.7395912693155875e+000 -1.7802956972450825e+000 -6.2772942731313719e-001
  2.5997798268007295e+000 -2.8399384287560069e-002  1.6537133360285799e-001
  1.7219952285291329e+000 -1.7494059067182994e+000 -4.1244796141884998e-001
  2.5942649362874812e+000 -6.0223672901894079e-002  2.4926335232686575e-001
  1.6837045294454414e+000 -1.7182653543447641e+000 -6.8422310381147888e-001
  2.3854525846948942e+000  3.7012630295749610e-002  1.3143861317628788e-002
  1.4931876467787168e+000 -1.5660238355659326e+000 -6.7927736092269841e-001
  2.1154290556594706e+000 -4.3262726936449086e-002  1.3484167104719164e-001
  1.9799732918858408e+000 -2.0346327265490838e+000 -2.1483741428723629e-001
  3.1276408000298197e+000 -6.9843758408735121e-002  1.4526143565973398e-001
  1.8196112569875968e+000 -1.8161681019737754e+000 -5.3416884318532520e-001
  2.6034685733126142e+000 -1.6613693368155918e-002  1.4102154862238919e-001
 -1.9609588143942593e+000  2.0975809788028181e+000 -5.2751933782095350e-001
 -2.7921152087869410e+000  1.0393082025909862e-001 -1.0023882521473840e-001
  1.7876155084276273e+000 -1.7931566593517851e+000 -5.4620208640888790e-001
  2.5536549512852398e+000 -6.4618443426929545e-002  1.9289586926367866e-001
 -1.8544637922722054e+000  1.9458579631918873e+000 -7.2387357271981390e-001
 -2.5452403038675975e+000  7.6319395399158746e-002 -5.2830651966719697e-002
 -1.7732217765241995e+000  1.7877146879236205e+000 -1.0024240086194778e+000
 -2.3858915417939603e+000  7.1620286279663201e-002 -2.3860059121508373e-001
 -2.1474248568063867e+000  2.2407729831855696e+000 -2.2434388766517036e-001
 -3.0192610900796102e+000  9.6247538833366508e-002 -4.1247794338811301e-003
 -1.2555677225125816e+000  1.4634725677833487e+000 -1.1156194289567072e+000
 -1.8614779518611420e+000  1.9162078389188200e-001  7.9955700566931437e-003
 -1.6443283608117787e+000  1.8137694120047783e+000 -8.2806581364457121e-001
 -2.3841265967295766e+000  1.3346931240779081e-001 -1.6160900408401093e-002
 -8.8536302519753229e-001  1.0409426083042634e+000 -1.3841090832389307e+000
 -1.4012486898348062e+000  1.6223017342990492e-001 -3.1705385627497758e-002
 -1.5728749068323620e+000  1.7058729812152060e+000 -1.0163174702319047e+000
 -2.1633324542008894e+000  1.3527226971416079e-001 -2.7205138468111914e-002
 -1.0665339509073453e+000  1.2174701152171536e+000 -1.3315798779136621e+000
 -1.3170255135277045e+000  1.8255942878429915e-001  2.3831378575312825e-002
 -1.5672087738519098e+000  1.8224623511544256e+000 -8.8403814745534537e-001
 -2.0884579737436710e+000  1.9761589157689041e-001 -7.1373167051213878e-003
 -7.6809623099015789e-001  9.8735283893913484e-001 -1.4255071626053075e+000
 -1.0641276097476191e+000  1.4832422129132758e-001  3.0106133066656747e-003
 -9.1905937736040821e-001  1.1240401439262053e+000 -1.3793309348447946e+000
 -1.4153694979343376e+000  1.8104522505407603e-001 -2.1013668151359619e-002
 -1.1677033560684078e+000  1.4262930294309939e+000 -1.2179671707031285e+000
 -1.6436806947799132e+000  2.0424102212310430e-001 -1.9179870523362116e-002
 -8.2472929464397571e-001  8.3464025674119047e-001 -1.5141710692289234e+000
 -1.2343035809176179e+000  2.1876093302557024e-002 -9.3453055581664085e-002
 -1.0575161930628323e+000  1.1039802632118205e+000 -1.4234035413602781e+000
 -1.4638100534260059e+000  6.9365959651303183e-002 -1.4915901169129325e-001
  2.1257042286796848e+000 -1.5258563722167195e+000  1.6782149159186035e+000
 -2.1417437442333327e+000 -5.1123831888160309e-001 -1.1024961179066020e+000
 -1.0170628147761265e+000 -1.6021097171877532e-001 -1.7182226458072491e+000
 -6.7492565892483602e-001 -8.1277892547131125e-001 -3.1806884182974554e-001
 -3.3050854224269244e-001 -7.3010801160871774e-001 -5.7813105843198695e-002
 -6.9192520935731006e-001 -4.9900170097425944e-001 -1.6691597448859834e+000
 -1.7927453930361689e-001 -1.1298940071722543e+000 -1.2824448395647308e+000
  6.5850688629429222e-001 -7.7990935705738229e-001  3.4641073636553987e-001
  1.3593735379125524e+000 -1.6686355590522286e+000  3.5010690700652136e-001
  2.3751812124272962e+000 -2.0414860726990894e-001  1.3708444678620717e+000
  6.6985421814908042e-001 -1.5988284609180696e+000 -3.8240941927869165e-001
  1.8049147498874940e+000 -7.0002543588929778e-001  8.1020720383918066e-001
  2.0019875173249218e+000 -1.5696073179684045e+000  1.6744802030501551e+000
 -2.1071062541888774e+000 -4.2572703689989105e-001 -1.1123228422896487e+000
 -1.3655298629124637e+000  4.5211509238215308e-001 -1.9800692805586735e+000
 -8.6357937486814462e-001 -4.2583396685006752e-001 -4.9225513902628570e-001
 -4.1615513714721214e-001 -8.4774548404128747e-001 -1.4729439148392993e+000
  2.5219244043121886e-001 -6.7474269643738605e-001 -1.4969780709851756e-003
  1.8518606575852776e+000 -1.7947669164814601e+000  1.3770298830778835e+000
 -2.3371472877891915e+000 -1.2469688293923252e-001 -1.0444529075100748e+000
  1.1134195164358194e+000 -1.6657377943625855e+000 -2.3407362215271768e-001
  2.1385168826764884e+000 -3.2874657762699855e-001  7.2077223045705707e-001
  7.9556297744772708e-001 -1.4409397179589016e+000 -6.2675434527071239e-001
  1.7935348843469150e+000 -3.3314474225834062e-001  4.6744607617742007e-001
 -1.1944792818901111e+000  5.2091114363016311e-001 -1.8364602736603326e+000
 -1.1186203503711356e+000 -2.6241589131650783e-001 -3.8489843694713249e-001
  1.9611104753861650e+000 -2.0182225936604503e+000  1.1414953464421194e+000
 -2.5671287835491090e+000 -8.2182860837786920e-002 -7.2054734934193154e-001
  1.4779641728152355e+000 -1.8792670554875071e+000  3.2396036695031112e-002
  2.4230381666573479e+000 -2.6287885827737451e-001  8.8443738729085364e-001
  8.9873378029690210e-001 -1.6825791642638883e+000 -4.1430433358236535e-001
  2.0843049111710283e+000 -4.3307892428844302e-001  7.8265954212685629e-001
  9.0185783884589998e-001 -1.7975644518515776e+000 -2.2173439044641369e-001
  2.7023586344833057e+000 -1.3068674563402968e-001  4.3750656455031600e-001
  2.6844093082917571e+000 -1.3222174341396678e-001  4.2179598572145899e-001
  2.1709501580460127e+000 -1.3353423949641563e-001  5.6139718458070997e-001
 -1.9032035437851571e+000  1.2781101636017294e+000 -1.7937032872048404e+000
 -2.2841600316868766e+000 -3.0436732503784591e-001 -9.1664344280320720e-001
 -2.0578307282636445e+000  1.5825326174981789e+000 -1.7513900586608797e+000
 -1.6136415432102038e+000 -2.9255505225082784e-001 -4.8196819705063909e-001
 -7.7613641448364223e-001  1.1145106167869230e-001 -1.6343892396168400e+000
 -7.0893055343306266e-001 -3.7959157731757631e-001 -8.7890346526786498e-002
 -1.0980356802501676e+000 -3.9282457138616866e-001 -2.7251017779181680e-001
 -1.2960884655376292e+000  6.3032572584974933e-001 -1.6807915056414888e+000
 -1.1547542603784078e+000  3.4687642252195017e-001 -1.7738728055476694e+000
