  4.2332291859138019e-002 -6.2002215432333070e-003 -2.6426985352525325e-002
  4.6891369114956741e-003  4.5608874072736880e-002 -1.6027505821569515e-002
  4.5201554990523307e-002 -1.5167049324863301e-002 -2.2510795926967989e-002
  1.4602574201723388e-002  4.6814157401651929e-002 -1.4705267038495305e-002
  2.9753866060272319e-002 -6.6007285088150510e-003 -2.6678532423061539e-002
  3.1194752907862302e-003  3.2837060485001485e-002 -2.4028285382686088e-002
  1.7122894213969193e-002 -1.7125520854556920e-002 -2.9672455088040880e-002
  1.4365436748669327e-002  1.7989115534257413e-002 -3.1225109681305895e-002
  4.3658009503072116e-002 -4.3199193659034917e-003 -8.1099433801690816e-003
  3.7861238531691969e-003  4.2773055304230485e-002  5.6235979222598615e-003
  1.4769256605918471e-002 -3.9152643200207875e-003 -1.6332610804386364e-002
  3.1042708339610952e-003  1.6371001141302421e-002 -1.4183313125136638e-002
  2.1236475343144247e-002 -4.7561067645822920e-003  6.0439100479169174e-003
  4.1568719205091397e-003  2.1880393143902731e-002  5.5836234434864466e-003
 -8.6157795888354323e-003 -3.7952846833174464e-003  1.0854331058145877e-002
  1.5118048541218642e-003 -9.5578930923543876e-003  1.0818273487521948e-002
 -3.8379246949519759e-004 -3.2461906621416140e-003 -7.1596836229590995e-004
  2.4347454510508723e-003  1.6584130817936650e-003  6.8574335050533184e-004
  6.9479600198947963e-003 -1.1505587594062137e-002  7.2798416765688055e-004
  1.0769116480110665e-002  6.1260639243029182e-003  2.8827017797335812e-003
 -2.2557698188600761e-002 -2.8486974454929519e-003  8.9306529934746765e-003
  2.6171442846781002e-003 -2.2970909268006892e-002  8.5610136563781351e-003
  1.8662741123501730e-002 -4.5204858979692010e-003  4.9431837252056311e-003
  4.7938309480978075e-003  1.5932197192882407e-002 -2.6439009073653074e-004
 -1.6690677870426062e-002 -2.6102275281055802e-003  3.6009902664095195e-003
  3.4604186167825944e-003 -1.5217650817699381e-002  5.8486759434805422e-003
  1.0897187574337044e-002 -2.0646660369904751e-003 -1.6980856886084105e-003
  2.0539281022128489e-003  4.0679963666954526e-003 -8.7886961423937395e-003
 -3.7810294001199306e-002 -2.5534529338461626e-003 -1.3597879630904601e-003
  2.9898952076377458e-003 -4.0062059524977912e-002  3.1593404877489142e-003
 -2.7427388138701797e-002 -2.5646804329017611e-003 -1.9271188922967808e-002
 -5.9488664401384629e-006 -2.4022356138148650e-002 -2.4370765088804189e-002
 -6.0509004517888959e-002  2.3185905188047860e-004  1.5650794607364574e-002
 -7.1072046944009473e-004 -6.2997462200950455e-002  6.3553839789692174e-003
 -3.7663000889353732e-002 -4.1058604222153405e-004 -3.4716213160616821e-002
 -6.0404007158359791e-004 -3.5127737646195076e-002 -3.7175975904659569e-002
 -6.2201458950502005e-002  2.4777675326649400e-004 -2.3485821639754906e-002
 -1.9564306135072167e-003 -6.4133964297077600e-002 -1.6752801714137365e-002
 -7.9859145922575134e-002  1.7038301120332654e-003  2.9924510948830139e-003
 -2.0992445513805494e-003 -8.0274413485995996e-002  4.4695014622000620e-004
 -4.3085454083646044e-002 -1.4551692221958533e-002 -3.6410303700599285e-002
  1.2929075573070862e-002 -4.8712149275884728e-002 -2.8225138919229044e-002
 -6.7873027963409979e-002 -1.0596980568971803e-002 -2.0476092360596998e-002
  6.9424165803999398e-003 -6.9355762231546395e-002 -1.3683617510348481e-002
 -1.3424636343958582e-002 -2.7526399164952879e-003  1.2005233441944292e-002
  6.2257246685901895e-004 -1.2100315460373972e-002  1.3700690285312086e-002
  1.1445439015768619e-002  8.6627992396313119e-003  2.2794963438551020e-002
 -1.1223578267721386e-002  1.5124606564087350e-002  2.0202157543186796e-002
 -1.1444635568541139e-002 -1.0567181588681592e-003  2.6623220215841206e-002
 -6.0223275872007112e-005  1.0770285833457162e-002  2.5858849507664223e-002
  1.0878960258749069e-002  9.9097477534221372e-003  2.4815328668990198e-002
 -1.3879742381327300e-002  9.6758783413708124e-003  2.4589808705080193e-002
  1.4301557499811688e-004  2.3333395638825895e-002  3.6221603706998881e-002
 -2.9596053063549215e-002 -2.6050195623459446e-003  3.3288662194187295e-002
  2.7607339261787395e-002  6.4060139886397607e-003  2.2913187594243659e-002
 -1.0251625585704610e-002  2.2823842820618466e-002  2.6921151409033603e-002
 -7.7036748049497013e-003  3.4446976955634444e-002  4.2187234099330485e-002
 -3.7787037766632843e-002 -9.3065669603848017e-003  3.9589024867690531e-002
 -2.7922294442694142e-002  1.9226199168305948e-002  2.5239988194077429e-002
 -1.1670466580405497e-002 -3.6368925029256871e-002  1.8526202723383081e-002
 -2.1051156181765309e-002 -6.7533979584165496e-003  1.4218990875327260e-003
 -6.7372201184049242e-004 -2.1456558976884255e-002  8.7718634043911295e-003
  1.8477245904158286e-002  2.6471347492309050e-002  4.8201664975091991e-002
 -2.8776045824456531e-002  1.4327788944492445e-002  4.9659725058068302e-002
  1.2537501369661102e-002 -1.2881403531644875e-002  2.1644801476890930e-003
  1.1305496922524682e-002  1.3014500509729300e-002  2.7643024775165590e-003
  8.5919489565057083e-003 -1.6768553825747917e-002 -2.0398914915083148e-003
  1.4905239994594130e-002  9.4928184857146596e-003 -3.1450971710055824e-003
 -6.4100238042522281e-003  2.9952171452113891e-002  6.0804849399773597e-002
 -2.0248182902588421e-002 -2.3112080581068253e-003  6.5396068449068576e-002
  2.0546351899786305e-002 -3.4865223258134029e-003  2.3056017673564591e-002
  2.1531310779867880e-004  2.1174067371542302e-002  2.3005073451682321e-002
  2.5354625472540186e-002 -1.6409013224060184e-002  5.3819567053551350e-004
  1.4905154764086815e-002  2.6582094570948709e-002  8.5611367758554684e-004
  6.2926914143722626e-003 -4.2872515845197690e-002 -4.6831716048918497e-002
  4.0770958107733013e-002  2.8905700735376655e-002 -4.5635240584953246e-002
  2.0191405865780006e-002 -5.1164012810825006e-002 -4.3815898587081355e-002
  1.3219885362610288e-002  6.8779078677728353e-002 -3.4350154502848035e-002
  1.3429058753793873e-002  6.8319186806475168e-002 -3.6430631585388715e-002
  2.5001075696805541e-002  3.6817589675306371e-002 -6.0637350847191726e-002
  1.4908153628868954e-002 -1.9785016962984275e-002 -1.9222976582238621e-002
  2.0281392956183010e-002 -4.2872882572855663e-003 -2.3647419374106870e-002
  4.6609323407607031e-003 -2.3432967670448841e-002 -2.2237188947132346e-002
  1.0190982060389778e-002  3.3652588447769305e-002 -1.6366869816846527e-002
  4.4193146525622976e-005 -4.0633288858072367e-002 -6.8201879141827168e-002
  3.6392894208801957e-002 -9.9107092850249396e-003 -6.9371114467476111e-002
  3.5048863419896742e-002 -4.9949529357023174e-002 -5.6694016555197686e-002
 -5.9357230801932802e-002 -3.5867466868640827e-002 -5.2071243064499555e-002
 -4.3195393141035564e-002 -4.4159017408845098e-002 -5.3922458641905417e-002
