0.250000
99
161.679218 68.018462 94.342484 39.634949 67.476744 66.549196 67.476744 39.255693 39.255693 129.112162 85.343428 32.485932 60.676996 59.352841 30.724586 61.652665 59.352841 30.724586 59.413310 59.413310 30.956237 30.956237 58.051288 58.066609 43.295401 40.866017 40.595030 40.595030 190.600576 98.307389 45.789033 113.993971 36.605408 36.605408 75.491358 59.749547 59.749547 64.585633 50.240595 92.312154 21.495432 21.636195 21.495432 33.227124 42.901486 21.636195 61.225578 21.692825 71.514704 33.227124 52.933961 60.721219 42.901486 61.489568 30.873987 140.508475 72.838698 30.873987 54.206626 31.168367 31.168367 26.379936 26.379936 28.274933 35.061477 81.955721 27.954056 35.061477 28.274933 30.476384 52.434767 27.954056 24.369419 40.694897 24.369419 28.366185 26.069774 78.325896 33.934566 25.429037 25.848004 26.069774 27.815912 51.232234 25.429037 33.491993 25.848004 39.247674 21.383002 21.383002 23.063379 23.042526 28.692944 22.594685 22.647808 23.042526 27.915828 22.594685 22.647808 
96
83.723780 27.784940 27.784940 30.141000 35.944828 42.851608 36.443220 41.320448 27.366836 27.366836 27.002674 27.002674 29.178871 86.552646 54.416163 37.162049 37.162049 27.882338 27.882338 25.644511 25.644511 29.821442 29.821442 29.334648 29.334648 31.752567 78.207792 54.824972 24.078239 24.078239 24.132891 24.132891 62.132629 22.327205 22.327205 23.609620 23.609620 29.129590 48.554486 60.215132 60.215132 66.356082 33.952940 33.952940 37.402117 37.402117 77.134713 187.495773 92.672849 112.321224 41.576772 43.854259 41.186898 46.289692 41.186898 139.560757 97.700432 31.300970 31.300970 59.781539 71.449310 30.765215 30.765215 52.607989 46.599818 46.599818 89.723315 117.700566 60.033900 39.066742 56.134016 38.624087 38.624087 53.781362 61.178646 53.277255 51.995112 53.277255 30.201602 61.335622 30.201602 149.605454 31.670935 29.964875 29.964875 61.335622 85.414093 54.256867 53.414763 98.279521 80.757672 53.414763 43.127998 43.127998 20.663251 20.663251 
128
184.282062 65.221480 59.726629 43.330557 45.974798 43.012453 63.731905 40.599937 43.012453 40.599937 35.999630 166.863118 134.275000 35.499219 35.499219 67.311061 78.017366 55.056422 158.867324 55.056422 57.863810 57.863810 63.438736 65.493687 103.404235 38.520394 34.827839 77.323236 41.260859 50.250054 38.520394 40.879116 32.716964 70.288720 50.250054 41.752089 32.716964 32.442309 75.466654 35.855262 36.483022 83.849310 105.534876 43.306019 34.176283 32.442309 35.855262 43.426811 34.163460 50.859025 35.340143 77.134861 36.483022 33.696215 76.010582 34.163460 66.489890 50.536525 35.340143 95.166117 42.511706 32.433488 33.311152 34.994384 34.690119 40.401779 40.833408 46.393686 34.129177 32.433488 150.935487 34.315154 33.311152 40.047219 34.153991 34.690119 38.365654 34.067873 58.757191 40.024130 89.143463 34.129177 59.975903 33.047653 33.922630 34.315154 72.750147 34.067873 38.365654 33.047653 107.885656 33.922630 40.377629 53.694784 60.174666 52.764179 56.181756 25.529542 25.529542 46.092748 45.985973 45.985973 35.698492 26.161321 53.587684 35.698492 38.143734 27.235364 99.853653 27.054871 26.161321 37.321839 27.235364 26.335918 28.170310 28.435305 25.569232 26.335918 28.096663 28.170310 25.569232 28.435305 37.876219 28.096663 50.593511 94.024409 46.278925 50.585478 
89
106.437120 37.757527 60.205512 37.757527 42.504227 38.702525 42.238648 37.642975 37.388791 37.388791 80.278988 36.331338 36.331338 65.890638 113.336609 57.577160 39.420232 36.925416 29.091294 39.420232 28.420262 48.328015 36.925416 28.420262 29.289212 29.289212 35.968655 39.217612 36.860326 35.968655 36.315598 42.715100 38.745606 34.931410 36.575803 34.931410 27.264456 36.575803 27.264456 62.760624 53.616168 57.579073 48.140831 57.579073 48.140831 62.860115 52.365829 66.374486 52.365829 77.693629 108.391318 43.386036 43.386036 167.319803 147.033114 50.762059 25.383619 25.383619 86.013338 44.331040 62.406352 35.758031 35.244406 35.244406 58.890569 77.323792 56.371198 42.471919 34.484711 29.152500 34.484711 29.152500 36.760990 28.983877 28.983877 31.824250 30.945338 110.648248 31.824250 36.475419 61.439974 87.292613 41.664790 37.932817 37.888492 37.888492 48.823895 36.543062 36.543062 
97
57.358322 39.119572 31.141290 30.983124 30.983124 73.864173 30.755894 30.755894 30.650316 30.650316 30.962603 55.881899 58.481336 34.208680 33.234732 33.234732 33.857178 51.312150 32.287285 32.287285 61.172607 37.831015 34.739697 119.898406 31.264658 30.510056 30.510056 50.519912 25.979497 25.979497 77.510525 85.225000 31.420918 39.143897 31.420918 54.573363 32.538288 31.847278 39.110606 31.638405 71.396822 31.638405 30.972694 30.972694 54.752785 97.652475 37.842667 32.590009 49.826141 37.842667 32.590009 26.093163 25.448670 46.100025 31.979208 25.448670 32.811902 26.363785 31.979208 32.448433 41.666518 26.363785 31.435311 37.517073 31.435311 35.201458 37.227312 35.201458 55.324480 24.868612 24.868612 47.887092 60.380036 60.380036 54.808661 54.808661 66.564551 60.939496 69.111045 60.939496 81.442934 115.523433 179.215588 51.397008 179.215588 51.397008 58.365636 27.624202 27.624202 77.362725 99.223160 39.198497 38.543531 51.192386 38.543531 73.848945 84.732865 
88
115.338269 70.907923 40.953284 122.648338 40.215277 39.966242 40.215277 39.656305 129.694983 38.509896 87.566076 67.755058 39.656305 38.509896 38.304297 65.008952 37.885706 38.304297 74.049680 37.681398 37.073315 62.142661 36.180342 62.142661 37.073315 36.180342 63.387777 62.266452 30.754732 30.689058 56.834160 29.734335 58.302493 44.596339 56.834160 30.689058 142.658173 29.734335 44.596339 58.827077 58.827077 59.772964 28.990578 73.707918 48.364577 34.429413 54.861016 28.990578 34.079676 59.822249 56.475383 55.488680 56.475383 34.079676 64.254128 138.864658 59.822249 58.359231 93.280429 97.729748 36.934272 49.736318 25.806474 48.998139 109.011401 48.998139 25.806474 25.757698 29.524909 29.528865 32.071849 25.757698 32.633230 77.367369 22.735493 22.735493 46.970260 37.475920 44.944408 42.476499 42.476499 36.480247 18.290627 18.290627 43.169123 40.792131 36.480247 83.413027 
70
84.416279 110.209386 40.327451 40.327451 60.583555 63.381460 39.940076 39.940076 40.221951 41.297465 38.800818 38.800818 68.951568 81.234167 118.184639 88.518525 70.051322 57.775536 29.740873 81.234167 29.740873 30.855150 30.784889 30.784889 49.740260 51.525264 29.039001 29.039001 51.525264 51.968291 58.395288 54.075804 120.451123 58.395288 39.058064 39.058064 37.839611 37.839611 36.978290 36.978290 38.448373 38.790280 60.415051 61.978612 56.895638 56.895638 44.690826 49.138101 44.690826 48.530999 49.138101 97.454397 62.180561 62.180561 60.002603 36.975925 26.982682 26.982682 32.179819 60.002603 100.877465 140.615892 147.932635 66.616291 61.884591 36.484846 36.484846 37.063595 62.321865 1144.110473 
101
82.401556 51.344417 50.330172 50.150632 79.326658 49.524890 49.524890 49.628620 48.696712 129.288810 48.696712 48.278636 48.278636 76.361700 78.708106 48.129525 107.790747 46.902698 79.195315 46.902698 54.249659 46.724281 58.074366 42.577668 46.724281 36.121755 53.749852 35.288416 35.288416 54.185007 85.056929 42.434545 39.609072 42.359020 39.609072 42.359020 155.630178 90.087905 204.738500 42.590343 42.590343 30.309393 19.186874 19.186874 30.914386 28.589842 19.103291 28.589842 19.103291 86.372461 79.392052 35.211367 35.211367 52.281384 50.113830 36.565313 35.770383 35.694048 35.694048 34.870247 34.870247 105.319132 55.101991 67.357870 47.817284 70.375385 27.501766 27.501766 28.600920 28.620703 28.620703 70.375385 44.108465 45.798922 27.455694 27.455694 45.798922 57.515865 102.966153 44.445507 52.074146 57.515865 37.142490 37.142490 36.229654 36.229654 35.770653 35.770653 37.190353 37.431093 52.362277 63.412258 71.641089 71.641089 47.301916 47.301916 51.676371 62.307030 62.307030 109.358220 98.963205 
122
94.900180 49.798241 163.089474 48.743602 48.743602 97.504009 82.079585 70.298397 82.079585 47.809772 202.578840 47.809772 52.261510 83.561092 65.914553 78.074693 126.355013 54.397312 47.197583 65.914553 73.989332 64.607051 54.367727 53.451543 81.453452 45.960975 104.388207 73.989332 50.315114 37.074630 36.761753 45.742001 45.960975 107.365283 48.399035 49.183948 36.975330 36.761753 47.161399 85.659382 45.742001 47.754541 48.399035 153.324407 36.108937 35.469632 49.183948 53.275091 35.926097 47.161399 47.754541 77.673241 48.610531 35.321520 35.469632 75.851130 35.926097 34.635673 58.402578 52.587414 34.475028 35.164136 77.455062 34.635673 58.402578 34.475028 35.164136 51.049959 133.546269 55.242455 79.451370 109.154246 42.074073 33.157879 33.157879 36.790128 64.451446 64.451446 39.401963 53.057601 107.652239 48.039866 39.401963 46.706000 35.409961 46.706000 28.290030 28.245389 42.217918 34.699736 28.290030 27.197765 42.078176 27.166258 34.699736 42.298716 27.197765 42.078176 27.166258 44.951375 89.160463 44.603418 56.800615 67.734104 37.044615 37.044615 36.861435 36.207417 33.262187 32.820106 33.262187 32.820106 34.990654 28.668320 28.668320 42.737784 42.737784 18.749178 30.352980 18.749178 30.927091 30.352980 
136
74.476986 50.853442 67.665565 48.970576 50.175441 48.970576 80.789991 67.029886 48.246956 117.883746 48.246956 48.261020 102.142470 48.261020 77.962737 65.016837 79.641637 100.280448 39.576799 69.616777 40.185318 69.616777 39.576799 38.833704 38.833704 57.780462 65.257011 57.780462 39.806549 57.577098 39.806549 70.827006 39.296939 69.636776 69.636776 39.296939 51.670535 51.670535 73.728266 41.062830 41.539617 41.062830 40.451705 40.978116 66.775322 40.439102 102.315716 40.439102 39.738241 39.738241 40.325225 41.739465 35.462429 35.462429 55.988279 37.610384 38.191687 37.610384 94.130665 38.102492 49.795901 58.990678 45.052792 36.583221 22.347680 38.102492 68.309378 22.144897 84.970842 44.617574 45.052792 32.658408 22.144897 32.658408 42.138865 42.138865 50.380562 19.153272 18.586472 18.867867 18.399030 18.538350 48.271170 18.727734 18.867867 18.399030 18.538350 47.789145 18.727734 44.602904 58.681714 73.018938 18.867663 18.364631 18.867663 18.224280 75.014927 18.224280 46.471209 22.423967 40.332510 36.455190 22.423967 106.540936 51.952153 51.952153 42.752037 37.238520 38.930965 72.225397 23.985153 29.054410 23.985153 48.086051 24.224277 24.303242 24.032600 47.679066 24.224277 24.303242 149.158805 28.900108 25.719597 35.000954 25.719597 44.163867 44.163867 34.781690 20.466618 28.618680 20.466618 20.560284 20.560284 20.594699 20.594699 1205.763020 
96
103.275250 41.393163 40.780615 41.393163 40.766351 76.002256 40.766351 40.552237 43.508121 41.799721 39.933820 39.933820 41.156241 67.191332 93.351099 37.289366 37.289366 33.445590 33.445590 37.445676 36.413170 36.413170 38.471024 37.640324 37.640324 58.277198 1197.700213 46.495947 23.851847 23.851847 28.897911 25.690387 25.690387 28.733662 23.816126 39.259120 23.509888 23.816126 23.509888 23.617642 45.783654 32.674024 32.674024 33.262996 19.840612 19.840612 77.916390 67.859071 64.970257 50.738702 48.644623 39.210209 65.682951 48.846100 48.644623 39.210209 65.544024 55.328458 48.846100 51.570799 51.570799 39.682915 51.476080 39.682915 75.336139 49.604484 56.353514 49.604484 57.679788 66.138354 114.686808 66.138354 96.847611 63.904012 40.375907 39.046304 39.046304 39.860693 39.860693 75.000951 75.000951 102.516190 65.252685 65.252685 63.437064 40.315924 43.170380 40.315924 43.728551 43.728551 21.714031 21.464232 21.464232 46.040941 54.746772 79.168341 
87
44.248636 44.248636 65.275921 20.329936 20.329936 33.288699 63.085761 96.765285 98.209662 40.678775 40.134737 40.678775 40.134737 74.584761 40.180051 40.066577 41.353048 41.177117 39.660978 39.660978 40.877156 64.270929 92.549556 37.820502 37.820502 36.019487 36.019487 37.033075 33.125611 33.125611 37.032305 38.547963 38.547963 58.261113 48.938450 1229.505233 24.430725 24.430725 30.328991 26.896995 26.896995 30.282589 24.591054 59.735089 24.591054 24.421912 24.421912 49.197002 47.377777 87.799996 21.337625 21.337625 21.819624 21.453929 31.139233 21.453929 76.776617 21.519632 36.786600 21.422987 31.002340 77.051861 21.422987 51.991897 50.031403 73.050800 50.176165 50.031403 77.925323 65.790514 40.881576 50.176165 40.881576 65.069302 53.099657 57.848310 84.892868 57.848310 51.174190 41.535280 51.174190 41.535280 65.338633 65.338633 77.477936 127.488587 77.477936 
109
104.398453 93.733174 93.733174 57.887893 53.284009 53.284009 97.075497 94.731564 41.794074 41.776778 234.793776 87.354246 57.355638 41.794074 41.776778 57.273267 55.705798 54.940438 54.940438 56.352859 59.589604 61.196822 75.538707 42.372362 40.960577 45.858136 40.770969 42.372362 40.322466 39.328275 40.322466 39.328275 39.268146 39.268146 70.356644 63.162879 69.525580 42.728796 155.483677 42.228503 41.531141 44.715167 41.078235 40.979777 41.531141 46.108661 41.078235 70.081032 53.890792 36.189668 96.895622 30.262995 48.171939 48.171939 36.189668 56.430967 62.736364 38.424858 30.262995 101.541566 33.045831 45.991180 32.217940 41.355119 35.714115 55.187435 35.925424 33.045831 32.217940 36.189150 35.714115 47.280087 47.280087 50.679728 35.401319 35.982305 48.407552 50.679728 35.401319 36.056308 58.787305 30.848333 63.004604 36.056308 58.787305 30.848333 36.235714 54.117157 27.368429 18.497268 37.864955 50.270896 27.368429 18.497268 24.200293 18.206445 18.373254 24.200293 18.206445 55.073939 36.489048 37.232741 18.373254 18.374259 39.860320 34.593807 110.012312 54.783678 1090.892950 
88
835.170600 51.529350 1104.672239 25.068724 25.068724 56.852498 56.273522 27.774235 27.774235 113.861638 39.055856 95.960776 35.846154 50.126494 36.310632 18.773688 18.773688 98.140544 50.126494 61.344161 36.310632 36.835194 55.125268 47.367004 56.648202 18.480658 18.480658 55.707769 18.625769 18.324622 46.353104 47.367004 18.324622 43.796046 43.796046 54.234523 33.842292 53.282527 46.353104 31.171157 31.171157 43.762040 43.762040 54.234523 48.162121 53.242793 56.526473 54.786761 99.249408 60.094187 56.629164 56.629164 37.360716 32.224088 32.224088 40.100954 33.013882 35.019188 33.013882 35.019188 43.398982 60.315682 66.932575 59.838536 39.335542 39.335542 41.538018 34.738174 41.538018 39.358365 34.738174 39.358365 35.202277 56.789200 40.803262 35.202277 35.539737 44.874112 40.325121 30.043263 63.864662 30.043263 40.325121 35.005003 40.944762 35.005003 72.381077 97.330515 
63
61.941240 42.761602 42.761602 66.939299 32.834188 32.834188 32.396618 32.396618 59.951299 66.072658 66.072658 48.303470 45.270204 73.278651 45.270204 95.533298 172.841703 119.883319 36.882178 36.334281 33.034218 33.034218 36.565375 36.882178 74.861738 36.615309 36.717030 36.761891 36.761891 56.155553 42.539671 20.923163 20.923163 47.124740 26.211061 1054.064588 26.211061 95.623660 107.106542 75.225335 60.115279 68.243136 67.073193 60.115279 45.355092 56.433703 45.355092 59.352925 66.076036 56.433703 45.861385 45.861385 55.647273 66.076036 33.300463 33.300463 52.699664 69.722497 64.973781 66.279343 52.699664 120.531923 64.973781 
78
115.722848 44.361744 43.923121 69.202736 95.390570 44.361744 43.923121 67.818304 65.364167 65.364167 65.636573 65.636573 66.744789 73.198084 64.826229 92.846361 32.129223 56.273747 107.915097 56.273747 32.129223 67.304043 45.621915 67.304043 45.621915 59.803823 53.233961 55.580028 53.233961 175.577256 46.940551 58.935416 58.935416 71.788644 63.379812 37.486721 65.288000 36.932242 37.153184 122.008073 36.932242 36.750013 37.153184 57.157711 36.537391 63.405455 33.383293 36.537391 36.697376 43.286101 33.383293 32.311352 43.286101 32.819907 32.311352 32.819907 61.256900 76.266747 62.556749 39.491020 43.213459 19.394691 19.543847 19.394691 19.543847 19.576776 19.791635 19.576776 38.443968 42.532187 38.522062 45.495919 56.167147 43.240789 21.130014 21.130014 47.975749 1034.061795 
105
91.253760 91.253760 158.650173 72.445352 72.445352 82.299816 108.374519 212.128087 148.623308 110.168058 41.464716 41.478490 41.464716 40.835111 40.690279 41.600207 40.243819 40.835111 40.690279 40.243819 53.470636 68.915196 71.741748 41.776161 103.859396 42.018347 45.270036 41.776161 42.018347 44.558618 44.898798 43.455832 64.680998 43.455832 38.629503 38.629503 68.666854 60.567457 39.743770 56.994255 37.347988 32.764249 32.764249 36.922340 60.567457 55.803755 55.803755 36.922340 32.211767 80.995746 47.939817 32.211767 21.615575 43.623897 21.615575 43.623897 26.310243 52.264382 26.310243 69.766262 31.461593 57.694022 28.892766 30.435608 29.124374 31.065422 92.041789 28.892766 31.065422 36.802899 37.040085 55.595490 54.241085 23.462689 23.462689 25.404888 30.010581 32.677871 52.084264 30.010581 25.404888 50.589728 48.727739 50.589728 163.897504 22.398756 17.100836 168.418836 22.398756 17.100836 36.897942 168.418836 24.622494 22.999156 32.915834 22.999156 66.300753 22.577997 32.669964 22.759967 32.662504 22.577997 22.759967 22.997455 1253.600925 
98
17.252599 17.252599 48.252409 69.902337 46.705099 21.887867 21.887867 148.651506 50.808523 53.291516 109.710256 41.381267 91.238393 41.381267 42.712228 92.149193 41.968754 42.712228 41.218734 81.750170 41.218734 91.238393 37.101513 42.073957 47.994753 42.073957 42.168328 34.160553 70.967980 34.160553 40.761704 40.761704 108.246333 70.967980 40.514571 67.649453 35.677874 38.515944 35.677874 38.515944 213.591780 157.689503 31.516525 31.426453 23.070974 24.268178 23.070974 22.552862 22.552862 31.672067 22.382574 22.382574 64.767391 54.494778 54.494778 66.895388 36.643104 36.643104 38.483320 31.912749 31.912749 37.096662 32.750252 32.750252 55.727767 63.474280 43.611862 42.089398 43.803159 73.044030 42.089398 42.204961 42.204961 38.633886 42.385263 38.633886 42.385263 43.208688 103.093127 49.588911 49.588911 32.435745 23.686577 23.686577 22.435131 22.435131 136.365568 54.251232 36.701806 29.973858 29.973858 29.467618 26.522668 26.522668 29.270477 29.270477 29.413462 56.479748 
80
58.158629 58.158629 145.899371 59.398711 100.136838 59.398711 57.624844 57.624844 85.479252 96.292032 35.340501 37.711981 34.424309 34.424309 34.664603 34.664603 42.504610 42.777155 82.543023 42.777155 90.643350 48.380738 46.680454 39.828614 32.985559 22.610704 22.610704 23.626913 23.050697 23.626913 30.958947 36.498328 30.958947 36.498328 46.525393 161.589961 1118.621576 72.410294 107.779162 72.410294 124.030120 80.811303 62.610600 51.829441 36.378393 36.378393 36.934323 62.610600 40.426216 36.502971 66.544529 36.502971 37.259163 20.368171 20.368171 37.259163 37.597082 44.368340 159.823367 36.669170 104.849884 36.669170 178.229483 40.464386 58.851363 40.464386 84.223823 52.073004 37.286281 26.700337 26.835342 37.286281 26.700337 26.455394 37.940079 26.455394 26.987444 26.494392 26.494392 79.401575 
109
162.162176 86.243371 53.915843 53.922491 53.915843 53.922491 58.744186 66.717363 46.308828 64.089689 64.089689 46.308828 65.565277 160.696638 96.355648 72.151828 72.151828 63.869432 63.869432 80.982089 176.406130 106.439754 95.277570 89.088028 55.087908 57.753081 81.042621 57.753081 55.087908 42.986416 85.917520 43.229938 53.949012 56.071567 42.986416 56.071567 82.427018 42.420470 37.326498 138.286146 105.813856 42.420470 37.326498 75.119736 75.119736 36.408291 122.761834 36.408291 35.804516 36.156122 36.696699 35.804516 35.610299 59.638915 35.501144 35.610299 35.501144 51.578555 79.833776 93.423760 41.176904 33.895204 41.421094 33.379690 33.096839 41.421094 82.661118 33.379690 88.174789 33.096839 27.168601 39.898891 36.478337 27.168601 26.955360 27.250602 26.955360 26.983006 26.174916 26.983006 39.228477 39.228477 26.174916 54.440384 40.695366 40.695366 40.810855 19.774888 19.774888 44.942980 82.713157 65.161238 30.222049 30.222049 22.891923 47.735119 44.052286 45.169473 22.891923 21.878206 44.052286 21.878206 32.229588 36.158257 36.158257 45.973762 22.237951 38.181764 1237.629468 
102
92.191589 55.983928 121.522704 55.983928 72.949671 72.949671 164.393952 70.647211 70.647211 80.983408 48.160355 48.160355 148.397365 48.585241 48.585241 77.377386 106.756407 86.978230 122.440207 107.869110 33.511781 64.420239 32.704648 32.879138 32.704648 64.001373 32.879138 57.715700 54.825484 79.185529 88.029796 101.527719 31.294307 30.924284 31.294307 30.397914 30.478327 31.610926 30.891331 30.397914 30.478327 30.891331 55.155381 39.934661 45.137239 30.496812 87.063257 30.590516 31.448216 30.869790 30.496812 30.590516 31.510300 30.447195 30.352629 57.771846 25.693434 25.693434 47.219921 43.917467 46.265911 22.217931 45.634977 21.317867 22.217931 43.917467 21.317867 41.253313 21.931704 57.420383 43.011964 44.023001 28.455009 77.902061 24.926665 44.023001 24.926665 24.403094 50.608716 50.608716 24.403094 21.605866 21.605866 41.664749 41.664749 67.912729 18.588275 28.608586 18.302619 41.502296 18.302619 20.752070 44.219023 40.749027 44.219023 82.387275 20.752070 31.486825 46.948801 79.367586 70.393981 1036.830167 
47
83.186587 31.763526 21.622337 21.622337 34.803493 74.176098 46.072028 46.072028 55.378911 31.612809 95.450495 31.612809 31.455157 31.455157 31.997662 32.500742 32.259912 31.631177 32.259912 31.631177 42.945495 101.181643 104.400434 75.460467 53.118591 53.118591 49.871226 131.093489 49.871226 142.574855 141.037669 38.940566 38.940566 48.791167 27.101039 26.158059 25.979897 26.848909 24.623567 24.623567 26.466567 42.219834 26.379019 26.611069 26.379019 26.611069 72.017812 
98
1060.046250 83.481879 42.655509 57.716901 48.689294 42.655509 58.070763 45.959212 45.959212 92.789117 41.746220 22.894371 22.228980 22.228980 34.655625 18.934218 34.655625 18.934218 35.665110 19.258921 44.268326 23.202939 23.202939 40.897307 173.440834 34.809806 34.809806 48.722905 44.268326 100.455949 45.911806 68.295264 55.760566 45.398359 64.801363 46.170917 60.944693 60.944693 64.464073 84.102597 111.144374 73.191021 75.710064 73.191021 75.710064 87.224134 126.307586 79.443925 29.165667 21.089370 21.089370 32.002449 72.534041 43.743815 43.743815 55.333000 31.675212 92.480578 31.675212 31.743931 31.743931 32.133944 32.933314 32.526331 32.526331 32.063543 32.063543 40.815952 101.133631 108.408356 77.786666 50.888694 50.888694 48.753802 48.753802 129.907914 149.036528 25.329924 25.329924 41.467267 39.421322 27.948054 27.948054 76.432178 57.217512 30.966157 29.997180 29.837298 30.827868 26.754297 26.754297 30.387602 45.822852 30.387602 30.789975 30.532621 30.789975 85.730789 
