  1.9188700e+000  1.0252900e+000 -6.1278800e-001
  4.7240900e-001  1.9941000e+000  2.6668100e-001
  1.7330500e+000  1.4068600e+000 -8.1490500e-001
  6.8848200e-002  2.0472500e+000  3.4037200e-003
  4.8034400e-001  2.0177200e+000  2.5965100e-001
  1.2645200e+000  1.9646500e+000 -1.2411900e+000
 -3.1399600e-001  1.9511800e+000 -2.7017900e-001
  1.2009500e-001  1.9942000e+000  6.4437500e-002
  1.6502600e+000  1.3876500e+000 -9.1779100e-001
  1.0325100e+000 -2.2300800e+000  1.1700700e+000
 -2.3457400e+000  8.0561800e-001 -1.4363700e+000
 -2.1348500e+000  1.0637900e+000 -1.3072200e+000
  1.5967700e+000 -1.6082700e+000  8.5430100e-001
  2.5764300e+000 -3.3097200e-003  1.6415700e+000
 -2.4369100e+000  5.9217800e-001 -1.5295600e+000
  1.2676300e+000 -1.9451000e+000  1.1349700e+000
  1.8748300e+000 -1.1756200e+000  6.3245400e-001
  2.4418900e+000  4.8197800e-001  1.4538700e+000
  2.7281200e+000 -1.8786800e-001  1.5145700e+000
  1.4618600e+000 -1.7660500e+000  8.7742500e-001
  1.8492100e+000 -1.2067400e+000  5.7715200e-001
  2.1716600e+000  7.7812900e-001  1.3968100e+000
  2.4276400e+000  4.9965700e-001  1.4129200e+000
