  6.8536800e-004 -3.7764800e-002  1.8042600e-001
  2.0148000e-002  2.2883600e-002  1.8613300e-001
 -9.2115900e-003 -3.0261600e-002  1.6800700e-001
  1.4656100e-002  1.9934800e-002  1.7385900e-001
  1.2679300e-002 -5.0564400e-002  1.6695200e-001
  4.6840700e-002 -1.8724200e-002  1.6214300e-001
 -9.6961400e-004  2.3716400e-002  1.7127100e-001
  9.4961400e-004 -5.6880300e-002  1.6553600e-001
 -6.0412400e-002 -5.4853400e-003  1.6184800e-001
  2.8567400e-002 -4.2285600e-002  1.6473200e-001
  2.0974100e-002  4.1329800e-002  1.7014400e-001
  2.0948600e-002 -8.1252400e-003  1.7550400e-001
  3.5919800e-002 -1.8958600e-002  1.4210800e-001
 -3.2264700e-003  4.3594300e-002  1.4685300e-001
 -2.5695700e-003 -3.4772000e-002  1.5066500e-001
 -3.1286800e-002 -1.1816600e-002  1.4734900e-001
  2.4129700e-002 -1.7056700e-002  1.3849800e-001
  1.7245000e-003  2.0198000e-002  1.4533200e-001
  4.2014000e-003 -5.0859000e-002  1.3801300e-001
 -5.6676700e-002 -8.6904300e-003  1.3463100e-001
 -3.5937100e-002 -3.2035900e-002  1.6445700e-001
  9.4821900e-004  1.2805100e-002  1.7412800e-001
  1.2936400e-002 -3.4508600e-002  1.6845000e-001
