0.250000
44
205.533121 202.507033 202.507033 178.722689 178.722689 180.871372 207.104746 207.104746 200.372582 200.372582 188.107409 188.107409 69.056674 77.760882 49.161978 49.184290 48.319108 48.141359 49.184290 48.319108 46.896370 48.141359 46.896370 62.835071 108.626528 62.835071 190.100542 190.100542 184.923077 184.923077 177.727006 177.727006 158.110211 154.557459 158.110211 154.557459 208.025678 197.607476 208.025678 197.607476 210.749328 209.601275 210.749328 209.601275 
44
188.372832 186.668646 186.668646 194.618908 194.618908 201.417603 201.417603 181.485904 181.485904 152.122065 152.122065 217.664776 217.664776 178.648255 191.565048 178.648255 191.565048 105.649934 66.459794 46.988339 46.988339 47.560512 45.682073 45.682073 46.729803 46.729803 61.331844 47.632426 47.632426 152.349520 61.331844 217.245673 75.020090 217.245673 152.349520 173.604812 173.604812 194.150816 194.150816 183.135561 183.135561 172.975208 172.975208 175.450744 
31
185.109030 171.332965 171.332965 170.802590 170.802590 148.699583 45.627872 45.627872 148.699583 45.331201 45.064353 66.956572 66.956572 44.544979 45.434445 67.921364 44.211068 44.701824 44.217856 44.211068 124.142214 95.343518 74.527236 124.142214 95.343518 121.740131 121.740131 186.069290 186.069290 172.489854 172.489854 
37
95.091248 95.091248 101.847068 101.847068 123.885540 123.885540 130.533029 121.631259 130.533029 65.895818 43.699319 121.631259 42.987144 42.987144 45.542995 44.073849 43.374194 42.529022 73.022154 44.073849 42.529022 43.374194 65.199779 65.199779 168.834043 148.011512 169.168209 168.834043 148.011512 169.168209 182.110695 96.461077 96.461077 181.997982 181.997982 171.525358 171.525358 
38
161.475073 146.434382 146.434382 142.454731 201.757020 142.454731 201.757020 123.629440 123.629440 58.254674 57.130681 58.254674 34.491067 53.202627 33.658730 34.491067 51.869977 33.232436 33.232436 51.768168 51.776613 74.951075 55.647876 199.338588 88.144215 88.494080 199.338588 88.144215 88.494080 114.580087 114.580087 193.690510 68.055089 68.055089 299.747067 193.690510 188.508566 188.508566 
37
153.463720 139.937792 139.937792 88.610963 88.610963 138.468690 138.468690 55.354651 55.250103 50.429881 51.779393 50.408416 34.225754 34.225754 33.154447 33.154447 33.543857 127.407728 50.570338 57.593647 127.407728 73.417059 57.593647 88.619209 88.619209 193.120212 151.399916 194.413590 114.265450 194.413590 114.265450 120.894684 120.894684 191.812549 191.812549 190.317239 190.317239 
53
182.186362 182.186362 98.924076 98.780335 141.238095 98.924076 98.780335 183.682213 183.682213 141.238095 161.608338 150.502395 161.608338 150.502395 170.422421 44.651901 159.309171 44.651901 159.309171 42.685926 104.276970 42.005419 93.364405 41.715707 42.685926 42.005419 128.214441 42.116332 175.298945 41.715707 67.190406 41.310925 128.214441 41.310925 93.364405 41.399154 175.298945 174.096457 125.789388 125.789388 104.329199 174.096457 104.329199 198.659059 95.488469 198.659059 95.488469 228.666543 236.607315 228.666543 256.819702 236.607315 256.819702 
52
160.695557 151.523639 151.523639 136.220351 173.495733 136.220351 173.495733 159.075638 65.226149 159.075638 40.055952 40.055952 2773.133424 40.303432 44.469665 44.469665 189.484331 40.303432 39.731336 41.539375 40.966128 39.731336 40.966128 40.489563 94.509793 94.509793 189.484331 127.388720 100.955498 127.388720 94.887907 94.887907 130.433061 130.433061 226.721301 226.721301 178.805643 100.135104 178.805643 109.085161 100.135104 109.085161 261.503713 93.551816 93.551816 134.995314 134.995314 261.503713 172.038215 172.038215 243.193121 243.193121 
55
146.030942 161.368051 102.906053 102.906053 154.821843 161.368051 106.263460 106.263460 88.839486 88.839486 124.226693 86.580827 124.226693 86.580827 114.740742 114.740742 152.028919 152.028919 109.747833 156.280628 156.280628 71.911246 53.952905 30.333457 118.276653 53.952905 109.747833 29.614376 30.333457 29.353945 28.921827 29.353945 29.065159 28.921827 141.204804 29.065159 141.204804 50.859098 48.980175 160.748155 145.235317 121.021063 121.021063 121.740807 121.740807 104.760322 104.760322 135.665912 135.665912 154.687143 140.170167 140.170167 177.081702 154.687143 177.081702 
58
141.453039 136.071960 132.827912 136.071960 85.563669 85.563669 132.827912 161.355148 164.778871 168.113485 126.984849 92.760127 126.984849 168.113485 92.760127 94.650260 94.650260 56.218652 54.260989 32.792935 32.792935 54.260989 33.075603 33.075603 34.166126 34.166126 32.693110 32.693110 33.502319 50.513914 83.820699 179.083321 146.613470 179.083321 156.022333 211.820014 146.613470 156.022333 135.526893 211.820014 135.526893 114.627222 118.285107 114.627222 118.285107 137.002717 141.861870 156.859295 137.002717 141.861870 117.584969 144.463275 117.584969 120.301344 144.463275 120.301344 132.480036 132.480036 
51
169.256746 169.256746 155.982592 113.284197 136.776649 173.646324 173.646324 149.428037 136.044992 113.284197 139.506504 153.989358 149.428037 139.506504 153.989358 138.750859 138.750859 125.885181 125.885181 87.192632 121.556029 61.242552 121.556029 87.192632 37.359949 36.500802 36.814111 35.677657 58.147113 36.814111 35.463953 57.764514 57.764514 35.230946 35.463953 169.008765 31.252742 103.935998 31.252742 103.935998 185.395932 169.008765 185.395932 92.951261 92.951261 207.991939 207.991939 223.387730 238.316194 223.387730 238.316194 
51
220.665965 220.665965 163.918526 163.918526 133.177340 133.177340 89.331437 89.331437 236.325207 171.532796 105.827422 236.325207 94.719311 171.532796 105.827422 94.719311 57.513940 57.513940 37.645214 36.832618 36.476185 62.227945 37.024373 36.623501 32.433220 32.433220 205.571657 37.330412 36.784789 127.831014 36.784789 135.486066 205.571657 58.141417 127.831014 112.428081 112.428081 123.450255 182.041082 135.093333 123.450255 182.041082 155.834763 155.834763 168.972497 168.972497 135.939682 135.939682 151.509630 151.509630 157.960883 
41
174.299111 162.491986 162.491986 151.444739 151.444739 123.008104 123.008104 96.664207 96.966788 68.735301 96.664207 68.735301 96.966788 47.571320 47.571320 74.657404 47.930021 28.535907 137.472229 27.613719 47.129543 27.279739 27.613719 46.657783 27.279739 51.532959 43.614364 43.614364 73.555343 123.998021 123.998021 73.555343 64.922943 64.922943 198.933641 198.933641 140.153984 55.250166 55.250166 187.994950 187.994950 
39
185.240434 185.240434 55.284229 55.284229 137.512037 125.765074 125.765074 136.475480 67.225807 67.225807 122.384414 122.384414 98.889209 98.889209 154.300373 74.424400 75.202820 154.300373 75.202820 44.354118 46.746078 44.354118 29.199435 28.232246 28.232246 47.595973 27.880916 27.880916 47.595973 46.354462 98.914456 48.297954 98.914456 50.946322 177.613522 165.479495 66.758974 165.479495 66.758974 
37
177.722086 171.249186 171.249186 163.203344 163.203344 143.683334 143.683334 122.358255 122.358255 34.796523 89.354304 34.796523 118.173051 37.476745 59.278419 39.680459 36.892270 118.173051 35.841616 89.354304 35.827782 35.841616 92.059560 35.783480 36.892270 31.976941 31.976941 92.212980 92.212980 98.223398 98.223398 169.461789 126.575747 126.575747 169.461789 151.026427 151.026427 
37
172.089040 166.254210 167.850516 159.501753 167.850516 166.254210 89.716858 141.025272 89.716858 159.501753 151.667781 151.667781 141.025272 116.829988 116.829988 125.545818 120.815983 90.900331 125.545818 120.815983 36.647489 37.391026 37.960351 35.478261 35.219703 35.219703 35.478261 32.459124 32.459124 35.423270 35.423270 97.581330 39.587877 58.589830 97.581330 91.857539 91.857539 
44
157.955748 154.955515 154.955515 159.872493 159.872493 160.868235 165.427713 165.427713 169.376947 169.376947 169.593669 67.251296 169.593669 62.699314 45.844346 45.810516 45.844346 45.117844 45.346138 45.117844 44.215382 45.346138 58.646952 44.215382 58.646952 98.230874 157.605906 157.605906 159.968857 159.968857 160.817534 160.817534 141.799775 139.818818 141.799775 139.818818 170.823401 173.623092 170.823401 173.623092 193.705178 194.325630 193.705178 194.325630 
44
159.641770 158.701353 158.701353 168.289290 168.289290 171.411309 171.411309 159.628716 159.628716 141.383072 141.383072 192.542465 192.542465 167.290730 158.303962 167.290730 158.303962 98.471132 62.356159 45.643533 45.643533 46.055526 44.571443 44.571443 45.384882 45.384882 58.382173 46.028157 46.028157 58.382173 66.804712 139.429307 192.742766 139.429307 192.742766 155.491922 155.491922 167.402145 162.610139 167.402145 162.610139 151.741277 151.741277 154.666272 
43
190.176391 178.856447 178.856447 181.008163 181.008163 58.350375 160.427770 49.028010 49.028010 160.427770 48.227587 68.247531 48.599668 48.227587 66.825754 66.825754 47.966052 47.348723 47.966052 142.070940 47.348723 90.206916 142.070940 122.975211 189.268719 137.460317 122.975211 137.460317 189.689543 98.004153 114.407075 96.609589 118.980297 114.407075 96.609589 118.980297 138.369986 138.369986 517.026825 194.801058 194.801058 167.521594 167.521594 
42
96.457206 96.457206 97.960738 114.130988 114.130988 118.634427 118.634427 141.053257 136.731055 141.053257 136.731055 136.464114 67.160351 47.801971 136.464114 47.338284 47.338284 165.617955 89.366377 46.654186 47.514149 48.279174 57.853852 46.654186 47.514149 48.279174 165.617955 65.852507 65.852507 158.490037 175.636337 178.323720 158.490037 175.636337 178.323720 122.519838 122.519838 186.467959 186.210364 186.210364 193.013333 193.013333 
36
173.340556 160.226143 160.226143 162.478068 162.478068 164.100729 137.085667 164.100729 60.645640 137.085667 60.767101 52.159275 42.010583 60.767101 42.010583 41.185876 40.938982 51.104372 193.642588 50.975969 50.975969 40.938982 58.619128 87.926101 111.347108 110.838262 111.347108 110.838262 122.037940 89.213405 122.037940 89.213405 81.767956 81.767956 210.912681 210.912681 
40
171.384402 158.545471 158.545471 70.198372 67.655155 67.655155 83.809377 83.809377 112.902531 112.902531 161.851985 161.851985 58.800130 60.502690 50.714742 51.884967 50.714742 42.384248 42.384248 41.253397 41.253397 41.491041 50.804393 60.726405 91.102514 91.102514 88.271633 60.726405 112.230347 112.230347 159.214829 159.214829 122.663009 191.418132 122.663009 136.737020 136.737020 211.793590 211.793590 564.702006 
44
154.364507 166.134040 85.254276 85.198642 157.713579 157.713579 129.706665 153.457422 85.254276 85.198642 129.706665 144.501396 147.135580 104.533790 144.501396 147.135580 104.533790 47.047629 47.047629 151.314329 43.400372 42.527379 42.527379 97.733541 151.314329 43.484278 121.026569 132.847514 127.894017 121.026569 100.116671 132.847514 172.556922 156.589329 100.116671 125.991398 101.597532 101.597532 201.513881 201.513881 187.196728 226.301407 187.196728 226.301407 
44
156.675436 147.387087 147.387087 622.251298 130.650015 151.714899 130.650015 167.959367 151.769389 151.769389 148.947817 148.947817 43.903557 48.074055 48.074055 43.195052 43.903613 43.195052 102.187589 98.652797 85.765046 85.765046 161.784822 121.988405 85.687208 85.687208 121.988405 158.680124 200.925809 102.025306 200.925809 157.305327 102.025306 157.305327 101.812994 101.812994 224.673518 101.884448 101.884448 224.673518 129.412718 129.412718 182.507099 182.507099 
47
127.407076 127.407076 114.417230 96.020040 96.020040 114.417230 98.949117 98.949117 138.710756 138.710756 164.223716 48.770997 70.480620 134.055345 48.770997 134.055345 30.527217 29.793511 30.527217 30.114046 29.569807 29.793511 29.468312 29.569807 29.468312 46.612974 130.941378 46.661038 130.941378 163.285402 118.424426 126.065126 151.610659 113.577909 109.882857 109.882857 118.424426 189.967371 196.945232 113.821670 113.821670 117.697662 117.697662 133.913372 100.798064 133.913372 100.798064 
48
112.730319 109.428523 109.428523 130.186821 130.186821 152.990102 137.493756 161.545948 126.195169 137.493756 126.195169 48.856104 46.475435 48.856104 29.871470 29.871470 30.084833 30.084833 30.818326 30.818326 29.765747 30.367587 29.765747 128.479129 46.809014 70.303906 128.479129 85.016498 87.862050 95.059539 98.003222 85.016498 87.862050 113.092950 116.977757 95.059539 98.003222 113.092950 116.977757 99.595756 99.595756 115.005504 133.352863 115.005504 133.352863 118.833671 118.833671 125.654642 
36
155.886482 107.094487 126.934414 149.524875 157.532737 127.976423 157.532737 107.094487 357.394750 150.266187 149.524875 104.443402 130.910878 104.443402 130.910878 234.625495 119.326990 131.125475 119.326990 111.220653 106.452816 120.194116 131.125475 111.220653 120.194116 106.452816 140.552796 173.430099 174.735112 123.720047 92.016932 92.016932 183.437987 229.005054 183.437987 229.005054 
38
182.479349 182.479349 128.062098 128.062098 101.110455 101.110455 226.873025 154.989773 226.873025 104.358346 104.358346 154.989773 93.656228 77.165798 77.165798 196.406012 123.851570 103.377466 122.706057 103.377466 122.706057 127.458466 124.708984 145.660740 192.779859 119.463815 119.463815 127.486425 127.486425 146.437311 249.262027 161.634011 161.634011 126.473847 126.473847 143.185085 143.185085 148.594543 
38
154.781247 148.139731 148.139731 145.461604 145.461604 301.355405 110.564790 106.982001 56.498283 105.979661 56.498283 105.099732 105.979661 119.136540 105.099732 43.306030 42.768088 42.768088 78.710891 32.141855 31.222796 42.012300 31.032838 31.222796 41.991273 31.032838 51.576645 40.244874 40.244874 85.678731 119.821787 119.821787 85.678731 78.347478 78.347478 125.080851 53.847017 53.847017 
39
53.919800 53.919800 126.401201 100.712524 119.162737 56.206285 56.206285 131.748873 131.748873 120.075917 147.010470 147.010470 120.075917 106.651363 156.008484 106.651363 149.469998 149.469998 79.021931 42.012905 40.901972 87.007414 32.556499 40.901972 31.645498 31.645498 87.007414 107.431969 42.729039 31.507407 42.729039 31.507407 107.431969 43.822641 41.976644 51.530747 79.716461 79.716461 305.365634 
