  1.6819410267329347e+000  1.7472716490203766e+000 -8.6589976277256542e-001
 -4.4803165687725636e-003  2.3830054460370049e+000 -4.7788289306175319e-002
  2.1454699020484078e+000  8.2705005555736488e-001 -4.6523221886134253e-001
  9.6580698074347382e-001  2.1059202084814461e+000  3.9174047946167778e-001
  2.1649204701877416e+000  2.7246499454001011e-002 -1.3226286510840901e-001
  1.6222908269570258e+000  1.6826629563285695e+000  7.4403112035129693e-001
  1.9535246010670062e+000 -9.8427107119378199e-001  3.3717945698947954e-001
  2.4439927872984271e+000  8.6121632446848284e-001  1.1046781901457738e+000
  1.5942326371897302e+000 -1.6491481550223130e+000  8.1531068333838685e-001
  2.6712915541018663e+000  1.6067486301943820e-001  1.3029494453498287e+000
  8.6240003435716173e-001 -2.3051116937221834e+000  1.1760492732308818e+000
 -2.3267207889541961e+000  1.0481063212860613e+000 -1.1914128980935417e+000
  3.5653940072311863e-001  2.7104868258554853e+000 -1.3882452035010111e+000
 -1.3872462793640432e+000  1.8391239079392683e+000 -7.5861849885588495e-001
  1.1205255715081344e+000  2.2078760703374671e+000 -1.2446189366983205e+000
 -6.4011646194392313e-001  2.1172689785927163e+000 -4.5402177842384328e-001
  1.8554365350681667e+000  1.7977326509065681e+000 -6.9993624741848226e-001
  6.8267796815228224e-002  2.4652862289643749e+000 -5.4992278266534689e-002
  2.2365991696178624e+000  1.0098827468983200e+000 -4.2571182993101381e-001
  9.3520895368249368e-001  2.2610244663046264e+000  2.7046333050733634e-001
  2.3906333544394056e+000  9.3436942550945284e-002 -6.1175784557244421e-002
  1.7364250742862151e+000  1.8445641799653709e+000  6.0852184100072282e-001
  2.2444714238176413e+000 -8.1787813375578466e-001  2.9222165155013530e-001
  2.3782849250638032e+000  1.0868326287376906e+000  9.2571733963525782e-001
  1.7823440107700645e+000 -1.6746588552086477e+000  7.3491439110239209e-001
  2.8639939411249862e+000 -1.1300075190119753e-002  1.1989738914732282e+000
  8.5522594250934258e-001 -2.5433617345294675e+000  1.0840143922851431e+000
 -2.3682128407601417e+000  1.2729961178644504e+000 -9.4823625614436313e-001
  5.2194064508856475e-001  2.7335703012598578e+000 -1.0970242030694277e+000
 -1.3478775825461189e+000  2.0716762901925896e+000 -5.6931639290147729e-001
