  6.4863033847011664e-003 -2.0153310610164107e-002  1.1103179336701899e-001
  3.0284560809585477e-002  4.6270405200275657e-004  1.1196576287848289e-001
  1.8381141930179933e-002 -5.3101264230926537e-002  1.5137513640808015e-001
  5.1988365038972972e-002  6.3533609400189739e-003  1.5601790209126376e-001
  1.3179208352812498e-002 -4.3442129772501274e-002  1.6654257353728150e-001
  4.9658332789231069e-002  7.2445908870409923e-003  1.6766809648868583e-001
  1.7555918591474842e-003 -4.2273442172000089e-002  1.6276132769726134e-001
  5.6462375108265871e-002  2.9999656816816103e-003  1.5988147620400736e-001
 -9.7901084866098814e-003 -4.2357004264495020e-002  1.6540982472155058e-001
  4.2889718050072176e-002 -3.7190946945551725e-003  1.5771392705611018e-001
 -1.3507715447254438e-002 -4.3143032421954837e-002  1.6853993094966060e-001
  4.5804993976870198e-002 -2.0281807468402687e-002  1.6595376562739628e-001
 -1.1380070365080095e-002 -4.1061410181920791e-002  1.5148725731520227e-001
  3.3909914592070219e-002 -1.6284851695795112e-002  1.5347478418988941e-001
 -1.6334901260362415e-002 -3.5802770928963265e-002  1.6260045199047976e-001
  3.6057817403698997e-002 -2.1522342938771356e-002  1.6345982045884538e-001
  4.1664317809410531e-003 -1.7777666942919150e-002  1.2968067245783144e-001
  1.5540031575581675e-002  2.9840661130438387e-003  1.3074984507910645e-001
  1.9577038994887337e-002 -2.6730165720013667e-002  1.4205716901227311e-001
  2.7236275169502187e-002  1.4959619420910378e-002  1.4423394736068343e-001
  1.1501857297034785e-002 -3.6788014663296613e-002  1.5631093756554096e-001
  3.9258031780926322e-002  1.0367354889359519e-002  1.5526405768810631e-001
  1.2605227618569552e-002 -4.5122336624799739e-002  1.6884478778254414e-001
  4.1659509741304175e-002  1.2832684239579761e-002  1.6825037486937536e-001
 -7.7211274911324962e-003 -4.5932800262329487e-002  1.8196148681740829e-001
  4.7541564005059912e-002 -1.0644888810193587e-002  1.8190483910939703e-001
 -7.4488040702595662e-003 -2.9991074885736265e-002  1.6448796588595369e-001
  4.0451473256391091e-002 -1.3354173272541318e-002  1.6465773997280700e-001
 -4.6034941584150819e-003 -4.0200042961485431e-002  1.6525921283327030e-001
  3.7507785501599528e-002 -4.8335380899546298e-003  1.6499698010388225e-001
